B = 11 : 20;